<?xml version="1.0" encoding="UTF-8" standalone="no"?>
<!DOCTYPE svg PUBLIC "-//W3C//DTD SVG 20010904//EN"
              "http://www.w3.org/TR/2001/REC-SVG-20010904/DTD/svg10.dtd">

<svg xmlns="http://www.w3.org/2000/svg"
     width="3.63889in" height="3.625in"
     viewBox="0 0 262 261">
  <path id="Selection"
        fill="none" stroke="black" stroke-width="1"
        d="M 102.00,15.00
           C 102.00,15.00 102.00,16.00 102.00,16.00
             102.00,16.00 103.00,15.00 103.00,15.00
             103.00,15.00 102.00,15.00 102.00,15.00 Z
           M 98.00,16.00
           C 98.00,16.00 98.00,17.00 98.00,17.00
             98.00,17.00 99.00,16.00 99.00,16.00
             99.00,16.00 98.00,16.00 98.00,16.00 Z
           M 100.00,17.00
           C 100.00,17.00 102.00,20.00 102.00,20.00
             102.00,20.00 100.00,23.00 100.00,23.00
             96.93,24.07 97.07,23.93 96.00,27.00
             96.00,27.00 93.00,24.00 93.00,24.00
             93.00,24.00 92.00,24.00 92.00,24.00
             92.00,24.00 93.00,26.00 93.00,26.00
             93.00,26.00 90.00,25.00 90.00,25.00
             90.00,25.00 86.00,32.00 86.00,32.00
             86.00,32.00 84.00,31.00 84.00,31.00
             84.00,31.00 83.00,34.00 83.00,34.00
             83.00,34.00 85.00,35.00 85.00,35.00
             85.00,35.00 86.00,34.00 86.00,34.00
             86.00,34.00 83.00,39.00 83.00,39.00
             83.00,39.00 84.00,36.00 84.00,36.00
             79.16,38.92 77.55,40.15 78.00,46.00
             74.92,47.94 74.86,48.41 75.00,52.00
             71.45,54.81 69.92,62.65 69.26,67.00
             66.50,80.69 65.95,90.29 69.26,104.00
             70.83,109.56 70.46,112.87 76.00,116.00
             75.03,120.86 75.54,124.33 80.00,127.00
             78.68,132.56 80.23,134.41 81.07,139.83
             82.25,147.48 82.76,155.71 79.61,163.00
             75.09,173.47 60.76,180.06 51.55,171.07
             47.28,166.90 47.51,162.17 46.00,157.00
             33.24,174.95 36.16,202.82 44.72,221.99
             44.72,221.99 48.24,228.28 48.24,228.28
             48.24,228.28 50.75,233.70 50.75,233.70
             53.50,238.26 56.79,240.99 60.00,245.00
             60.00,245.00 63.00,244.00 63.00,244.00
             64.69,249.97 75.81,247.64 79.99,245.60
             91.56,239.95 93.31,227.94 96.00,217.00
             96.00,217.00 92.00,218.00 92.00,218.00
             95.40,214.85 95.46,214.58 95.00,210.00
             97.45,209.12 96.95,207.45 97.00,204.99
             97.00,204.99 97.00,187.00 97.00,187.00
             96.88,177.09 95.73,166.35 99.90,157.00
             104.15,147.47 109.73,145.48 112.00,139.00
             112.00,139.00 116.00,139.00 116.00,139.00
             116.00,139.00 101.00,134.88 101.00,134.88
             101.00,134.88 93.00,127.00 93.00,127.00
             93.00,127.00 98.00,117.00 98.00,117.00
             98.00,117.00 95.00,118.00 95.00,118.00
             95.00,118.00 95.00,114.00 95.00,114.00
             95.00,114.00 94.00,114.00 94.00,114.00
             94.00,114.00 92.00,116.00 92.00,116.00
             92.00,116.00 93.00,109.00 93.00,109.00
             93.00,109.00 102.00,108.13 102.00,108.13
             102.00,108.13 118.00,109.00 118.00,109.00
             117.36,107.55 115.89,104.74 116.09,103.18
             116.46,100.38 119.98,100.82 122.00,100.97
             129.54,101.54 132.83,105.29 140.00,107.00
             140.00,107.00 139.00,97.00 139.00,97.00
             139.00,97.00 150.00,105.00 150.00,105.00
             150.00,105.00 149.00,108.00 149.00,108.00
             149.00,108.00 150.00,108.00 150.00,108.00
             150.00,108.00 151.00,110.00 151.00,110.00
             151.00,110.00 156.00,101.00 156.00,101.00
             156.00,101.00 162.00,112.00 162.00,112.00
             162.00,112.00 164.00,110.00 164.00,110.00
             165.36,118.63 168.31,118.88 166.00,128.00
             177.15,135.10 164.03,132.55 166.00,144.00
             166.00,144.00 173.00,138.00 173.00,138.00
             173.00,138.00 166.00,148.00 166.00,148.00
             166.00,148.00 168.00,146.00 168.00,146.00
             168.00,146.00 174.09,148.00 174.09,148.00
             168.14,157.78 175.48,158.79 174.09,165.99
             173.23,171.14 168.06,173.64 164.00,176.00
             169.67,179.69 172.35,179.25 180.00,185.47
             197.29,199.52 205.11,216.27 198.00,238.00
             198.00,238.00 201.00,238.00 201.00,238.00
             203.48,230.23 205.07,236.44 215.00,229.00
             215.26,223.51 218.14,221.87 220.59,217.00
             220.59,217.00 226.37,200.00 226.37,200.00
             230.10,179.80 230.46,168.80 224.56,149.00
             224.56,149.00 217.00,131.00 217.00,131.00
             217.00,131.00 211.00,131.00 211.00,131.00
             211.00,131.00 206.00,141.00 206.00,141.00
             206.00,141.00 204.00,139.00 204.00,139.00
             204.00,139.00 203.00,139.00 203.00,139.00
             203.00,139.00 199.00,144.00 199.00,144.00
             199.00,144.00 201.00,147.00 201.00,147.00
             201.00,147.00 195.00,148.00 195.00,148.00
             196.02,146.46 196.67,145.95 197.12,144.00
             197.76,141.26 197.88,134.03 195.00,133.00
             195.00,133.00 196.00,129.00 196.00,129.00
             196.00,129.00 193.46,122.17 193.46,122.17
             190.58,115.98 184.22,107.12 179.71,102.00
             177.54,99.54 173.31,94.12 170.00,97.00
             170.00,97.00 170.00,93.00 170.00,93.00
             164.69,90.41 155.80,85.35 152.00,81.00
             152.00,81.00 150.00,82.00 150.00,82.00
             147.17,76.94 141.63,73.91 136.00,73.00
             136.00,73.00 138.00,71.00 138.00,71.00
             133.25,68.33 131.70,65.94 128.02,62.00
             119.16,52.49 110.67,39.15 109.00,26.00
             109.00,26.00 105.00,30.00 105.00,30.00
             105.00,30.00 105.00,25.00 105.00,25.00
             105.00,25.00 97.00,32.00 97.00,32.00
             97.00,32.00 103.36,24.04 103.36,24.04
             103.36,24.04 107.00,17.00 107.00,17.00
             107.00,17.00 100.00,17.00 100.00,17.00 Z
           M 94.00,18.00
           C 94.00,18.00 94.00,19.00 94.00,19.00
             94.00,19.00 95.00,18.00 95.00,18.00
             95.00,18.00 94.00,18.00 94.00,18.00 Z
           M 106.00,20.00
           C 106.00,20.00 106.00,21.00 106.00,21.00
             106.00,21.00 107.00,20.00 107.00,20.00
             107.00,20.00 106.00,20.00 106.00,20.00 Z
           M 104.00,22.00
           C 104.00,22.00 104.00,23.00 104.00,23.00
             104.00,23.00 103.00,22.00 103.00,22.00
             103.00,22.00 104.00,22.00 104.00,22.00 Z
           M 95.00,22.00
           C 95.00,22.00 95.00,23.00 95.00,23.00
             95.00,23.00 96.00,22.00 96.00,22.00
             96.00,22.00 95.00,22.00 95.00,22.00 Z
           M 100.00,26.00
           C 100.00,26.00 100.00,27.00 100.00,27.00
             100.00,27.00 99.00,26.00 99.00,26.00
             99.00,26.00 100.00,26.00 100.00,26.00 Z
           M 103.00,28.00
           C 103.00,28.00 103.00,29.00 103.00,29.00
             103.00,29.00 102.00,28.00 102.00,28.00
             102.00,28.00 103.00,28.00 103.00,28.00 Z
           M 102.00,29.00
           C 102.00,29.00 102.00,30.00 102.00,30.00
             102.00,30.00 101.00,29.00 101.00,29.00
             101.00,29.00 102.00,29.00 102.00,29.00 Z
           M 96.00,30.00
           C 96.00,30.00 96.00,31.00 96.00,31.00
             96.00,31.00 95.00,30.00 95.00,30.00
             95.00,30.00 96.00,30.00 96.00,30.00 Z
           M 97.00,32.00
           C 93.17,37.35 84.35,46.17 79.00,50.00
             79.00,50.00 87.00,40.00 87.00,40.00
             87.00,40.00 97.00,32.00 97.00,32.00 Z
           M 92.00,34.00
           C 92.00,34.00 92.00,35.00 92.00,35.00
             92.00,35.00 91.00,34.00 91.00,34.00
             91.00,34.00 92.00,34.00 92.00,34.00 Z
           M 94.00,37.00
           C 94.00,37.00 94.00,38.00 94.00,38.00
             94.00,38.00 93.00,37.00 93.00,37.00
             93.00,37.00 94.00,37.00 94.00,37.00 Z
           M 93.00,38.00
           C 93.00,38.00 93.00,39.00 93.00,39.00
             93.00,39.00 92.00,38.00 92.00,38.00
             92.00,38.00 93.00,38.00 93.00,38.00 Z
           M 91.00,40.00
           C 91.00,40.00 91.00,41.00 91.00,41.00
             91.00,41.00 90.00,40.00 90.00,40.00
             90.00,40.00 91.00,40.00 91.00,40.00 Z
           M 90.00,41.00
           C 90.00,41.00 90.00,42.00 90.00,42.00
             90.00,42.00 89.00,41.00 89.00,41.00
             89.00,41.00 90.00,41.00 90.00,41.00 Z
           M 89.00,42.00
           C 89.00,42.00 89.00,43.00 89.00,43.00
             89.00,43.00 88.00,42.00 88.00,42.00
             88.00,42.00 89.00,42.00 89.00,42.00 Z
           M 87.00,44.00
           C 87.00,44.00 87.00,45.00 87.00,45.00
             87.00,45.00 86.00,44.00 86.00,44.00
             86.00,44.00 87.00,44.00 87.00,44.00 Z
           M 86.00,45.00
           C 86.00,45.00 86.00,46.00 86.00,46.00
             86.00,46.00 85.00,45.00 85.00,45.00
             85.00,45.00 86.00,45.00 86.00,45.00 Z
           M 85.00,46.00
           C 85.00,46.00 85.00,47.00 85.00,47.00
             85.00,47.00 84.00,46.00 84.00,46.00
             84.00,46.00 85.00,46.00 85.00,46.00 Z
           M 154.00,47.00
           C 156.94,57.40 161.74,68.28 174.00,69.00
             174.98,73.09 179.06,75.30 183.00,76.00
             183.00,76.00 185.00,79.00 185.00,79.00
             185.00,79.00 187.00,86.00 187.00,86.00
             191.26,83.08 190.60,75.51 189.23,71.00
             185.73,59.55 173.23,53.65 162.00,53.00
             161.03,49.53 157.16,48.32 154.00,47.00 Z
           M 82.00,49.00
           C 82.00,49.00 82.00,50.00 82.00,50.00
             82.00,50.00 81.00,49.00 81.00,49.00
             81.00,49.00 82.00,49.00 82.00,49.00 Z
           M 81.00,50.00
           C 81.00,50.00 81.00,51.00 81.00,51.00
             81.00,51.00 80.00,50.00 80.00,50.00
             80.00,50.00 81.00,50.00 81.00,50.00 Z
           M 79.00,51.00
           C 79.00,51.00 79.00,52.00 79.00,52.00
             79.00,52.00 78.00,51.00 78.00,51.00
             78.00,51.00 79.00,51.00 79.00,51.00 Z
           M 162.00,53.00
           C 162.00,53.00 162.00,54.00 162.00,54.00
             162.00,54.00 161.00,53.00 161.00,53.00
             161.00,53.00 162.00,53.00 162.00,53.00 Z
           M 123.00,58.00
           C 123.00,58.00 123.00,59.00 123.00,59.00
             123.00,59.00 122.00,58.00 122.00,58.00
             122.00,58.00 123.00,58.00 123.00,58.00 Z
           M 129.00,64.00
           C 129.00,64.00 129.00,65.00 129.00,65.00
             129.00,65.00 128.00,64.00 128.00,64.00
             128.00,64.00 129.00,64.00 129.00,64.00 Z
           M 186.00,66.00
           C 186.00,66.00 186.00,67.00 186.00,67.00
             186.00,67.00 185.00,66.00 185.00,66.00
             185.00,66.00 186.00,66.00 186.00,66.00 Z
           M 170.00,67.00
           C 170.00,67.00 170.00,68.00 170.00,68.00
             170.00,68.00 169.00,67.00 169.00,67.00
             169.00,67.00 170.00,67.00 170.00,67.00 Z
           M 129.00,71.00
           C 129.00,71.00 129.00,72.00 129.00,72.00
             129.00,72.00 128.00,71.00 128.00,71.00
             128.00,71.00 129.00,71.00 129.00,71.00 Z
           M 136.00,71.00
           C 136.00,71.00 136.00,72.00 136.00,72.00
             136.00,72.00 135.00,71.00 135.00,71.00
             135.00,71.00 136.00,71.00 136.00,71.00 Z
           M 140.00,74.00
           C 140.00,74.00 140.00,75.00 140.00,75.00
             140.00,75.00 139.00,74.00 139.00,74.00
             139.00,74.00 140.00,74.00 140.00,74.00 Z
           M 188.00,78.00
           C 188.00,78.00 188.00,83.00 188.00,83.00
             188.00,83.00 188.00,78.00 188.00,78.00 Z
           M 150.00,82.00
           C 150.00,82.00 150.00,83.00 150.00,83.00
             150.00,83.00 149.00,82.00 149.00,82.00
             149.00,82.00 150.00,82.00 150.00,82.00 Z
           M 171.00,97.00
           C 171.00,97.00 171.00,98.00 171.00,98.00
             171.00,98.00 170.00,97.00 170.00,97.00
             170.00,97.00 171.00,97.00 171.00,97.00 Z
           M 136.00,103.00
           C 136.00,103.00 136.00,104.00 136.00,104.00
             136.00,104.00 135.00,103.00 135.00,103.00
             135.00,103.00 136.00,103.00 136.00,103.00 Z
           M 159.00,104.00
           C 159.00,104.00 159.00,105.00 159.00,105.00
             159.00,105.00 158.00,104.00 158.00,104.00
             158.00,104.00 159.00,104.00 159.00,104.00 Z
           M 180.00,105.00
           C 180.00,105.00 180.00,106.00 180.00,106.00
             180.00,106.00 179.00,105.00 179.00,105.00
             179.00,105.00 180.00,105.00 180.00,105.00 Z
           M 182.00,107.00
           C 182.00,107.00 182.00,108.00 182.00,108.00
             182.00,108.00 181.00,107.00 181.00,107.00
             181.00,107.00 182.00,107.00 182.00,107.00 Z
           M 164.00,108.00
           C 164.00,108.00 164.00,109.00 164.00,109.00
             164.00,109.00 163.00,108.00 163.00,108.00
             163.00,108.00 164.00,108.00 164.00,108.00 Z
           M 92.00,109.00
           C 92.00,109.00 92.00,110.00 92.00,110.00
             92.00,110.00 91.00,109.00 91.00,109.00
             91.00,109.00 92.00,109.00 92.00,109.00 Z
           M 92.00,111.00
           C 92.00,111.00 92.00,112.00 92.00,112.00
             92.00,112.00 91.00,111.00 91.00,111.00
             91.00,111.00 92.00,111.00 92.00,111.00 Z
           M 92.00,113.00
           C 92.00,113.00 92.00,114.00 92.00,114.00
             92.00,114.00 91.00,113.00 91.00,113.00
             91.00,113.00 92.00,113.00 92.00,113.00 Z
           M 186.00,115.00
           C 186.00,115.00 186.00,116.00 186.00,116.00
             186.00,116.00 185.00,115.00 185.00,115.00
             185.00,115.00 186.00,115.00 186.00,115.00 Z
           M 79.00,122.00
           C 79.00,122.00 84.00,128.00 84.00,128.00
             84.00,128.00 78.00,126.00 78.00,126.00
             78.00,126.00 79.00,122.00 79.00,122.00 Z
           M 169.00,124.00
           C 169.00,124.00 169.00,125.00 169.00,125.00
             169.00,125.00 168.00,124.00 168.00,124.00
             168.00,124.00 169.00,124.00 169.00,124.00 Z
           M 186.00,126.00
           C 186.00,126.00 186.00,127.00 186.00,127.00
             186.00,127.00 185.00,126.00 185.00,126.00
             185.00,126.00 186.00,126.00 186.00,126.00 Z
           M 85.00,128.00
           C 85.00,128.00 85.00,129.00 85.00,129.00
             85.00,129.00 84.00,128.00 84.00,128.00
             84.00,128.00 85.00,128.00 85.00,128.00 Z
           M 88.00,132.00
           C 88.00,132.00 84.00,131.00 84.00,131.00
             86.39,129.52 86.30,129.86 88.00,132.00 Z
           M 182.00,129.00
           C 182.00,129.00 182.00,130.00 182.00,130.00
             182.00,130.00 181.00,129.00 181.00,129.00
             181.00,129.00 182.00,129.00 182.00,129.00 Z
           M 84.00,131.00
           C 84.00,131.00 84.00,132.00 84.00,132.00
             84.00,132.00 83.00,131.00 83.00,131.00
             83.00,131.00 84.00,131.00 84.00,131.00 Z
           M 89.00,132.00
           C 89.00,132.00 89.00,133.00 89.00,133.00
             89.00,133.00 88.00,132.00 88.00,132.00
             88.00,132.00 89.00,132.00 89.00,132.00 Z
           M 194.00,133.00
           C 194.00,133.00 194.00,140.00 194.00,140.00
             194.00,140.00 194.00,133.00 194.00,133.00 Z
           M 143.00,136.00
           C 143.00,136.00 145.00,136.00 145.00,136.00
             145.00,136.00 143.00,140.00 143.00,140.00
             143.00,140.00 149.00,140.00 149.00,140.00
             149.00,140.00 150.00,135.00 150.00,135.00
             146.54,134.55 145.50,132.65 143.00,136.00 Z
           M 174.00,134.00
           C 174.00,134.00 174.00,135.00 174.00,135.00
             174.00,135.00 173.00,134.00 173.00,134.00
             173.00,134.00 174.00,134.00 174.00,134.00 Z
           M 177.00,134.00
           C 177.00,134.00 175.00,137.00 175.00,137.00
             175.00,137.00 174.00,136.00 174.00,136.00
             174.00,136.00 175.00,134.00 175.00,134.00
             175.00,134.00 177.00,134.00 177.00,134.00 Z
           M 92.00,135.00
           C 92.00,135.00 92.00,136.00 92.00,136.00
             92.00,136.00 91.00,135.00 91.00,135.00
             91.00,135.00 92.00,135.00 92.00,135.00 Z
           M 173.00,135.00
           C 173.00,135.00 173.00,136.00 173.00,136.00
             173.00,136.00 172.00,135.00 172.00,135.00
             172.00,135.00 173.00,135.00 173.00,135.00 Z
           M 93.00,136.00
           C 93.00,136.00 93.00,137.00 93.00,137.00
             93.00,137.00 92.00,136.00 92.00,136.00
             92.00,136.00 93.00,136.00 93.00,136.00 Z
           M 103.00,137.00
           C 103.00,137.00 103.00,138.00 103.00,138.00
             103.00,138.00 102.00,137.00 102.00,137.00
             102.00,137.00 103.00,137.00 103.00,137.00 Z
           M 149.00,137.00
           C 149.00,137.00 149.00,138.00 149.00,138.00
             149.00,138.00 148.00,137.00 148.00,137.00
             148.00,137.00 149.00,137.00 149.00,137.00 Z
           M 177.00,138.00
           C 177.00,138.00 177.00,144.00 177.00,144.00
             177.00,144.00 174.00,139.00 174.00,139.00
             174.00,139.00 177.00,138.00 177.00,138.00 Z
           M 100.00,139.00
           C 100.00,139.00 100.00,140.00 100.00,140.00
             100.00,140.00 99.00,139.00 99.00,139.00
             99.00,139.00 100.00,139.00 100.00,139.00 Z
           M 167.00,139.00
           C 167.00,139.00 167.00,140.00 167.00,140.00
             167.00,140.00 166.00,139.00 166.00,139.00
             166.00,139.00 167.00,139.00 167.00,139.00 Z
           M 169.00,139.00
           C 169.00,139.00 169.00,140.00 169.00,140.00
             169.00,140.00 168.00,139.00 168.00,139.00
             168.00,139.00 169.00,139.00 169.00,139.00 Z
           M 105.00,140.00
           C 105.00,140.00 105.00,141.00 105.00,141.00
             105.00,141.00 104.00,140.00 104.00,140.00
             104.00,140.00 105.00,140.00 105.00,140.00 Z
           M 98.00,141.00
           C 98.00,141.00 98.00,142.00 98.00,142.00
             98.00,142.00 97.00,141.00 97.00,141.00
             97.00,141.00 98.00,141.00 98.00,141.00 Z
           M 104.00,141.00
           C 104.00,141.00 104.00,142.00 104.00,142.00
             104.00,142.00 103.00,141.00 103.00,141.00
             103.00,141.00 104.00,141.00 104.00,141.00 Z
           M 110.00,141.00
           C 110.00,141.00 110.00,142.00 110.00,142.00
             110.00,142.00 109.00,141.00 109.00,141.00
             109.00,141.00 110.00,141.00 110.00,141.00 Z
           M 99.00,142.00
           C 99.00,142.00 99.00,143.00 99.00,143.00
             99.00,143.00 98.00,142.00 98.00,142.00
             98.00,142.00 99.00,142.00 99.00,142.00 Z
           M 109.00,142.00
           C 109.00,142.00 109.00,143.00 109.00,143.00
             109.00,143.00 108.00,142.00 108.00,142.00
             108.00,142.00 109.00,142.00 109.00,142.00 Z
           M 100.00,143.00
           C 100.00,143.00 100.00,144.00 100.00,144.00
             100.00,144.00 99.00,143.00 99.00,143.00
             99.00,143.00 100.00,143.00 100.00,143.00 Z
           M 108.00,143.00
           C 108.00,143.00 108.00,144.00 108.00,144.00
             108.00,144.00 107.00,143.00 107.00,143.00
             107.00,143.00 108.00,143.00 108.00,143.00 Z
           M 101.00,144.00
           C 101.00,144.00 101.00,145.00 101.00,145.00
             101.00,145.00 100.00,144.00 100.00,144.00
             100.00,144.00 101.00,144.00 101.00,144.00 Z
           M 219.00,144.00
           C 219.00,144.00 219.00,145.00 219.00,145.00
             219.00,145.00 218.00,144.00 218.00,144.00
             218.00,144.00 219.00,144.00 219.00,144.00 Z
           M 102.00,145.00
           C 102.00,145.00 102.00,146.00 102.00,146.00
             102.00,146.00 101.00,145.00 101.00,145.00
             101.00,145.00 102.00,145.00 102.00,145.00 Z
           M 103.00,146.00
           C 103.00,146.00 103.00,147.00 103.00,147.00
             103.00,147.00 102.00,146.00 102.00,146.00
             102.00,146.00 103.00,146.00 103.00,146.00 Z
           M 104.00,147.00
           C 104.00,147.00 104.00,148.00 104.00,148.00
             104.00,148.00 103.00,147.00 103.00,147.00
             103.00,147.00 104.00,147.00 104.00,147.00 Z
           M 168.00,153.00
           C 168.00,153.00 168.00,150.00 168.00,150.00
             168.00,150.00 171.00,148.00 171.00,148.00
             168.05,149.72 168.03,149.59 168.00,153.00 Z
           M 79.00,167.00
           C 79.00,167.00 79.00,168.00 79.00,168.00
             79.00,168.00 78.00,167.00 78.00,167.00
             78.00,167.00 79.00,167.00 79.00,167.00 Z
           M 177.00,168.00
           C 177.00,168.00 177.00,169.00 177.00,169.00
             177.00,169.00 176.00,168.00 176.00,168.00
             176.00,168.00 177.00,168.00 177.00,168.00 Z
           M 79.00,172.00
           C 79.00,172.00 79.00,173.00 79.00,173.00
             79.00,173.00 78.00,172.00 78.00,172.00
             78.00,172.00 79.00,172.00 79.00,172.00 Z
           M 56.00,175.00
           C 56.00,175.00 56.00,176.00 56.00,176.00
             56.00,176.00 55.00,175.00 55.00,175.00
             55.00,175.00 56.00,175.00 56.00,175.00 Z
           M 70.00,175.00
           C 70.00,175.00 70.00,176.00 70.00,176.00
             70.00,176.00 69.00,175.00 69.00,175.00
             69.00,175.00 70.00,175.00 70.00,175.00 Z
           M 180.00,183.00
           C 180.00,183.00 180.00,184.00 180.00,184.00
             180.00,184.00 179.00,183.00 179.00,183.00
             179.00,183.00 180.00,183.00 180.00,183.00 Z
           M 185.00,183.00
           C 185.00,183.00 185.00,184.00 185.00,184.00
             185.00,184.00 184.00,183.00 184.00,183.00
             184.00,183.00 185.00,183.00 185.00,183.00 Z
           M 201.00,211.00
           C 201.00,211.00 201.00,212.00 201.00,212.00
             201.00,212.00 200.00,211.00 200.00,211.00
             200.00,211.00 201.00,211.00 201.00,211.00 Z
           M 92.00,219.00
           C 90.87,221.71 90.87,221.45 88.00,222.00
             88.00,222.00 92.00,219.00 92.00,219.00 Z
           M 80.00,222.00
           C 80.00,222.00 80.00,223.00 80.00,223.00
             80.00,223.00 79.00,222.00 79.00,222.00
             79.00,222.00 80.00,222.00 80.00,222.00 Z
           M 88.00,223.00
           C 85.54,228.21 81.21,232.54 76.00,235.00
             76.00,235.00 88.00,223.00 88.00,223.00 Z
           M 214.00,224.00
           C 214.00,224.00 214.00,225.00 214.00,225.00
             214.00,225.00 213.00,224.00 213.00,224.00
             213.00,224.00 214.00,224.00 214.00,224.00 Z
           M 91.00,230.00
           C 91.00,230.00 91.00,231.00 91.00,231.00
             91.00,231.00 90.00,230.00 90.00,230.00
             90.00,230.00 91.00,230.00 91.00,230.00 Z
           M 87.00,238.00
           C 87.00,238.00 87.00,239.00 87.00,239.00
             87.00,239.00 86.00,238.00 86.00,238.00
             86.00,238.00 87.00,238.00 87.00,238.00 Z
           M 85.00,240.00
           C 85.00,240.00 85.00,241.00 85.00,241.00
             85.00,241.00 84.00,240.00 84.00,240.00
             84.00,240.00 85.00,240.00 85.00,240.00 Z
           M 196.00,244.00
           C 196.00,244.00 199.00,247.00 199.00,247.00
             199.00,247.00 196.00,244.00 196.00,244.00 Z" />
</svg>
